M = [2104,5,1,45; 1416,3,2,40; 1534,3,2,30; 852,2,1,36]
y = [460; 232; 315; 178]
t = [40; 0.4; 3; -5]


pred=M*t